Hessenberg form of matrix a1:
Hessenberg Matrix:
1.000000        -1.336306       -0.252816       1.292151        -2.943799       0.694715        -0.455212       -1.110123       -1.370328       -1.736302       
3.741657        -1.071429       -1.435307       1.549741        0.222244        1.875981        1.398577        2.990730        1.448211        -1.476784       
0.000000        2.491823        -0.003345       -0.481539       -0.031802       1.710015        1.261431        0.233151        0.707086        0.619145        
0.000000        0.000000        4.675167        -0.783052       -0.719147       -1.187174       -0.949928       2.872166        1.394921        0.080825        
0.000000        0.000000        0.000000        3.529388        -1.210702       -0.618351       -1.574508       -0.566349       -1.585239       -1.792536       
0.000000        0.000000        0.000000        0.000000        3.625530        0.864610        0.276614        -0.752966       0.346715        0.122186        
0.000000        0.000000        -0.000000       0.000000        0.000000        3.209139        0.757774        -1.310989       0.840382        -1.183624       
0.000000        0.000000        0.000000        -0.000000       0.000000        -0.000000       1.703365        -0.382193       -0.904935       0.347026        
0.000000        0.000000        0.000000        0.000000        0.000000        0.000000        -0.000000       2.791564        0.973673        -0.357344       
0.000000        0.000000        0.000000        0.000000        -0.000000       0.000000        0.000000        0.000000        -0.412540       -0.145336       

 -------------------------------------------------- 

Hessenberg form of matrix a2:
Hessenberg Matrix:
-1.000000       -1.154701       0.380952        1.502523        0.373488        0.599862        -1.601972       -1.173523       -0.064521       0.587351        1.879340        0.092383        -0.744736       -0.504128       0.157033        -0.279520       0.554111        0.320909        -0.638167       0.450248        
3.464102        -0.750000       -0.845406       -0.129604       -0.129201       0.448019        1.561977        0.105034        -0.768918       -0.577116       -0.416257       0.329184        -0.431158       -0.321363       0.435174        0.098861        -0.066997       1.275540        0.304733        -0.450002       
0.000000        3.031089        0.559524        1.967647        -0.775751       0.389552        0.990187        0.630135        -0.514023       -0.505969       0.158679        0.733212        0.928011        -1.314682       0.951518        -1.198273       0.171926        0.778000        -0.997689       0.965115        
0.000000        0.000000        3.788035        -0.574830       -0.018890       -0.056340       0.276074        -0.150484       -0.804442       -0.551947       -0.720443       1.134506        1.615396        0.251320        0.683248        0.231854        0.190158        -1.372475       0.374119        0.123329        
-0.000000       -0.000000       0.000000        2.850734        1.346307        0.051023        -0.018980       -0.967542       0.112821        0.281107        -0.110660       -1.531312       0.261394        0.695868        2.101539        0.625525        -0.742132       0.211186        -0.766836       -0.370830       
0.000000        0.000000        0.000000        0.000000        2.873904        -0.638367       0.922712        -0.171298       -0.047718       0.494199        0.645185        -0.655287       0.492370        -0.657894       0.013077        0.247476        0.110921        -0.371943       0.282376        -0.780148       
0.000000        0.000000        0.000000        -0.000000       0.000000        3.477706        1.301939        0.594139        1.150822        0.056038        0.322149        1.603780        0.341611        -1.776704       0.268266        -0.443766       1.254592        1.244592        0.775647        -0.057610       
0.000000        0.000000        0.000000        0.000000        0.000000        0.000000        2.678740        -0.092683       0.141950        0.162194        0.946864        0.088370        -0.298585       -0.291796       0.268182        1.224131        0.050351        0.467425        -1.079420       -0.317595       
0.000000        0.000000        0.000000        0.000000        0.000000        0.000000        0.000000        2.051090        0.048486        -0.322927       0.505680        1.688096        0.322097        -0.883967       0.401766        -0.539961       -0.681889       0.640015        -2.042745       1.072655        
0.000000        0.000000        0.000000        0.000000        0.000000        0.000000        0.000000        -0.000000       2.797240        -0.887863       0.051026        0.148044        0.452599        -0.049601       -0.183134       0.140217        1.895899        2.766212        -0.223822       -0.725820       
0.000000        0.000000        -0.000000       0.000000        0.000000        0.000000        0.000000        0.000000        0.000000        2.808287        0.629741        0.276698        0.724626        -0.027597       1.393500        -0.026156       0.898399        -0.138416       -0.185469       -0.339070       
0.000000        0.000000        0.000000        -0.000000       0.000000        0.000000        0.000000        0.000000        -0.000000       -0.000000       1.779771        -1.328848       1.057825        -1.641281       0.789700        -0.234802       -0.909670       0.841451        -0.297687       -0.878985       
0.000000        0.000000        0.000000        0.000000        0.000000        0.000000        0.000000        -0.000000       0.000000        -0.000000       0.000000        1.493982        0.196743        -1.539280       -1.497584       1.254989        -0.779953       0.837755        0.317422        0.997475        
0.000000        0.000000        0.000000        0.000000        0.000000        0.000000        0.000000        -0.000000       0.000000        0.000000        0.000000        0.000000        1.697587        -0.866795       -0.910497       -0.227444       -0.047290       0.147101        0.797161        1.480665        
0.000000        0.000000        0.000000        0.000000        0.000000        0.000000        0.000000        0.000000        0.000000        0.000000        0.000000        0.000000        0.000000        2.108242        0.158936        -1.252388       0.099339        1.558663        -0.314958       -1.641300       
0.000000        0.000000        0.000000        0.000000        0.000000        0.000000        0.000000        0.000000        0.000000        0.000000        0.000000        0.000000        0.000000        0.000000        1.742279        0.209249        -0.394730       0.069687        -0.671237       -1.010300       
0.000000        0.000000        0.000000        0.000000        0.000000        0.000000        0.000000        0.000000        0.000000        0.000000        0.000000        0.000000        0.000000        0.000000        0.000000        1.818628        0.615672        -1.005310       -0.135104       0.703737        
0.000000        0.000000        0.000000        0.000000        0.000000        0.000000        0.000000        0.000000        0.000000        0.000000        0.000000        0.000000        0.000000        0.000000        0.000000        0.000000        0.472693        0.012109        0.391173        0.802982        
0.000000        0.000000        0.000000        0.000000        0.000000        0.000000        0.000000        0.000000        -0.000000       0.000000        0.000000        0.000000        0.000000        0.000000        0.000000        0.000000        0.000000        1.490783        0.951725        0.532615        
0.000000        0.000000        0.000000        0.000000        -0.000000       -0.000000       0.000000        -0.000000       0.000000        0.000000        0.000000        -0.000000       -0.000000       0.000000        -0.000000       0.000000        0.000000        0.000000        0.595094        0.108957        

 -------------------------------------------------- 

