QR algorithm:
Time for QR algorithm (matrix a1): 2.41134 s
-1.233639       -4.470055       -1.131110       -0.603904       -2.119390       -0.491820       0.281614        -0.046032       -0.117623       -1.952604       
3.469643        -0.599096       -2.360225       -0.369681       1.606263        -2.391493       1.199458        -1.343929       -0.967841       1.884505        
-0.000000       0.000000        1.518338        -3.538321       -0.367534       -1.132715       -0.086284       -2.666112       -0.569378       -1.137871       
-0.000000       0.000000        3.806966        1.205821        0.598605        0.378224        -2.634356       -1.488768       -1.128141       0.552972        
-0.000000       -0.000000       0.000000        0.000000        -3.415713       0.212074        1.479078        2.174915        0.915836        -0.861170       
-0.000000       0.000000        0.000000        0.000000        0.000000        3.113162        0.314250        1.211333        -0.483434       2.495271        
-0.000000       -0.000000       -0.000000       -0.000000       -0.000000       -0.000000       -0.657827       -2.342874       -1.197476       -1.651614       
0.000000        -0.000000       -0.000000       0.000000        0.000000        0.000000        0.682453        -0.851652       0.537458        -1.173188       
-0.000000       -0.000000       0.000000        0.000000        0.000000        0.000000        -0.000000       0.000000        0.997202        -1.022167       
0.000000        0.000000        -0.000000       0.000000        -0.000000       -0.000000       0.000000        0.000000        0.000000        -0.076595       

 -------------------------------------------------- 

Eigenvalues for matrix a1:
-0.916368 + 3.925409i       -0.916368 + -3.925409i       -1.362079 + 3.666859i       -1.362079 + -3.666859i       -3.415713       3.113162        -0.754739 + 1.260757i       -0.754739 + -1.260757i       0.997202        -0.076595       

 -------------------------------------------------- 

Time for QR algorithm (matrix a2): 18.707070 s
3.852317        -0.293893       -0.302485       0.462938        -1.845118       -0.070634       -0.665597       -0.152285       0.731851        -0.447496       0.147629        0.972835        1.349000        1.029964        -0.188804       -0.624668       0.789698        1.828195        -1.054663       -2.145009       
0.000000        -3.669206       -0.722774       -0.361476       -0.266344       -0.413951       -0.014047       0.427940        0.243852        0.327226        0.988032        -0.389260       0.285124        -0.180950       -0.481492       -0.004095       -0.757681       0.554564        -1.760359       -0.850808       
0.000000        0.000000        -3.232785       -1.254781       -0.244649       0.193603        0.721084        -0.531130       -0.058846       0.743904        0.806743        -0.192228       -0.049150       -0.429331       -0.177454       -0.432736       -0.026154       -0.072595       0.647748        -1.719736       
-0.000000       -0.000000       0.000000        1.438300        -2.393722       1.483999        -0.540403       0.656647        0.936379        -1.676423       -0.934227       0.870425        -1.184149       0.616478        0.724422        -0.007780       -1.968172       -0.075295       0.469904        -0.152470       
0.000000        -0.000000       0.000000        3.293073        1.227561        -1.222173       0.693525        -0.051597       1.128173        -0.217920       -0.887848       -0.455409       1.238915        0.160640        -0.221000       0.801959        0.292699        -0.095385       -0.990279       0.902321        
-0.000000       0.000000        0.000000        0.000000        0.000001        -2.253641       -2.883871       0.767944        0.124267        -0.358920       -0.943268       0.508189        -0.324215       -0.174230       0.798188        -1.449146       -1.147731       0.247332        0.454953        -0.297304       
0.000000        -0.000000       -0.000000       -0.000000       -0.000000       2.313321        -1.192064       -0.404674       0.341934        -0.773938       0.893652        -0.512233       0.509777        0.276603        -0.245826       -0.775183       0.424349        -1.614293       0.330374        -0.096710       
-0.000000       0.000000        0.000000        0.000000        -0.000000       -0.000000       0.000000        2.991930        -0.411248       0.300352        -0.243210       0.611294        -0.966412       -0.097045       -0.724333       -0.585345       -0.307486       0.111712        -0.574539       -1.589402       
0.000000        -0.000000       -0.000000       -0.000000       0.000000        0.000000        0.000000        0.000000        -0.178118       -2.742919       0.527527        0.238585        0.170293        0.362664        -0.766173       1.295731        -0.529571       -0.378087       -1.197224       -1.049480       
-0.000000       0.000000        0.000000        0.000000        -0.000000       0.000000        0.000000        -0.000000       2.846525        -1.363275       -1.181774       -0.306099       -0.496587       -0.175064       0.392206        -1.025776       -0.357375       -0.302415       -0.311139       -1.549640       
-0.000000       0.000000        0.000000        0.000000        0.000000        0.000000        -0.000000       -0.000000       0.000000        0.003834        0.284985        -3.802617       -0.353392       0.451656        -0.922493       -0.758803       -0.054428       0.420898        1.772740        -1.122050       
-0.000000       -0.000000       -0.000000       -0.000000       0.000000        -0.000000       0.000000        0.000000        -0.000000       -0.000000       2.109071        -0.097025       -0.360905       0.385279        -1.304117       -0.193190       1.052857        -0.158998       1.214631        -0.040236       
0.000000        0.000000        0.000000        -0.000000       -0.000000       0.000000        0.000000        -0.000000       -0.000000       0.000000        0.000000        0.000000        2.294974        1.758639        0.414084        0.059341        -0.305322       1.054292        -0.368018       -0.396494       
0.000000        0.000000        0.000000        0.000000        -0.000000       0.000000        -0.000000       -0.000000       0.000000        0.000000        0.000000        -0.000000       0.028095        -2.285646       -0.699916       -1.054131       -0.950018       -0.334472       0.364811        -1.065873       
0.000000        0.000000        -0.000000       -0.000000       0.000000        -0.000000       -0.000000       -0.000000       0.000000        -0.000000       -0.000000       0.000000        0.000000        0.000000        1.642296        0.006480        -0.693938       -0.175118       -0.229075       -1.241824       
-0.000000       0.000000        0.000000        -0.000000       -0.000000       0.000000        0.000000        0.000000        -0.000000       -0.000000       -0.000000       -0.000000       -0.000000       -0.000000       0.000000        1.097652        -1.065097       0.513356        0.037693        -0.677571       
0.000000        0.000000        0.000000        0.000000        -0.000000       -0.000000       -0.000000       0.000000        0.000000        -0.000000       -0.000000       -0.000000       -0.000000       0.000000        0.000000        1.123543        0.615973        -0.215549       0.676703        -1.229800       
0.000000        -0.000000       0.000000        -0.000000       0.000000        0.000000        0.000000        0.000000        -0.000000       0.000000        0.000000        0.000000        -0.000000       -0.000000       0.000000        0.000000        0.000000        -0.813381       0.693115        -0.310777       
0.000000        0.000000        0.000000        0.000000        0.000000        0.000000        0.000000        -0.000000       0.000000        0.000000        -0.000000       -0.000000       0.000000        0.000000        0.000000        -0.000000       0.000000        0.000000        -0.299247       -0.557931       
-0.000000       0.000000        0.000000        -0.000000       0.000000        0.000000        -0.000000       0.000000        0.000000        0.000000        0.000000        0.000000        0.000000        0.000000        0.000000        0.000000        0.000000        0.000000        0.199462        -0.061601       

 -------------------------------------------------- 

Eigenvalues for matrix a2:
3.852317        -3.669206       -3.232785       -1.332931 + 2.805637i       -1.332931 + -2.805637i       -1.722853 + 2.527763i       -1.722853 + -2.527763i       2.991930        -0.770697 + 2.730685i       -0.770697 + -2.730685i       -0.093980 + 2.825510i       -0.093980 + -2.825510i       -0.004664 + 2.301062i       -0.004664 + -2.301062i       1.642296        -0.856813 + 1.067089i       -0.856813 + -1.067089i       -0.813381       -0.180424 + 0.311717i       -0.180424 + -0.311717i       

 -------------------------------------------------- 

